0.006599 0.000000 0.000000
0.061051 -0.000880 0.002255
0.112969 -0.000909 0.002768
0.170186 -0.001094 0.000159
0.229533 -0.001294 -0.000349
0.288391 -0.001551 -0.001708
0.347941 -0.001710 -0.000248
0.407507 -0.001625 -0.001678
0.462753 -0.004191 -0.007305
0.518802 -0.007310 -0.015309
0.570293 -0.007116 -0.063294
0.584756 -0.003538 -0.264139
0.586991 -0.003915 -0.465211
0.587551 -0.003548 -0.647043
0.585972 -0.004476 -0.830282
0.585454 -0.004820 -1.022751
0.578838 -0.032390 -1.271294
0.579115 -0.031975 -1.468748
0.579378 -0.032295 -1.666798
0.559037 -0.034713 -1.890657
0.546852 -0.035632 -2.083254
0.547482 -0.035267 -2.282866
0.543126 -0.029202 -2.487330
0.522543 -0.001673 -2.685730
0.522621 -0.001506 -2.882676
0.508785 0.071441 -3.064320
0.501985 0.105704 3.137242
0.471552 0.173925 3.091529
0.426699 0.203453 2.995485
0.372641 0.212979 2.941702
0.319822 0.224689 2.917145
0.263529 0.238696 2.904605
0.217826 0.272619 2.898733
0.177696 0.324033 2.900802
0.126219 0.354268 2.894780
0.069155 0.369171 2.888201
0.011998 0.384060 2.890600
-0.046106 0.399342 2.886039
-0.103813 0.414253 2.882288
-0.152126 0.427155 2.881365
-0.209451 0.442290 2.884214
-0.266828 0.457932 2.882486
-0.320266 0.472157 2.881381
-0.331156 0.523273 2.884124
-0.378920 0.540398 3.043957
-0.381776 0.541938 -3.138335
-0.383477 0.542512 -2.941240
-0.385000 0.542049 -2.749323
-0.426310 0.579468 -2.549869
-0.469617 0.620038 -2.500454
-0.475264 0.623179 -2.317500
-0.537533 0.686196 -2.221425
-0.601528 0.755565 -2.219792
-0.602502 0.754179 -2.411665
-0.602135 0.754178 -2.609047
-0.601752 0.753659 -2.788439
-0.601214 0.754311 -2.988422
-0.601489 0.758086 3.140282
-0.698935 0.847408 3.116125
-0.765951 0.908506 3.112694
-0.766460 0.909560 -3.131419
-0.765120 0.910377 -2.921474
-0.764595 0.910106 -2.720228
-0.765264 0.909617 -2.535007
-0.765670 0.909457 -2.352371
-0.765845 0.908967 -2.160726
-0.844936 0.966143 -1.975856
-0.885342 0.992517 -1.765276
-0.886826 0.972746 -1.571990
-0.985065 1.024016 -1.520415
-1.016059 0.983077 -1.338855
-0.982346 1.025401 -1.365089
-0.969404 0.969592 -1.329802
-0.954890 0.912046 -1.315945
-0.941901 0.863313 -1.306301
-0.890669 0.869716 -1.330536
-0.863343 0.827020 -1.332520
-0.849738 0.768784 -1.328237
-0.835422 0.710984 -1.326297
-0.823256 0.662222 -1.328452
-0.808597 0.604434 -1.324966
-0.794158 0.546346 -1.322086
-0.779400 0.488597 -1.322556
-0.767147 0.440017 -1.325527
-0.752623 0.382041 -1.320849
-0.738403 0.324592 -1.320222
-0.688980 0.333932 -1.348041
-0.668892 0.284328 -1.357477
-0.655832 0.226400 -1.356456
-0.643326 0.167905 -1.354140
-0.632287 0.118420 -1.356662
-0.619292 0.061069 -1.357777
-0.608335 0.011283 -1.358680
-0.603135 -0.020095 -1.559521
-0.601116 -0.025704 -1.741164
-0.600226 -0.027431 -1.951486
-0.600374 -0.028570 -2.135758
-0.600306 -0.028626 -2.319130
-0.580521 0.040560 -2.518609
-0.579118 0.045635 -2.713864
-0.579293 0.047194 -2.921898
-0.556899 0.093806 -2.980826
-0.531975 0.144381 -3.005123
-0.496920 0.235186 -3.113938
EOP
